%YAML:1.0
---
mtx: !!opencv-matrix
   rows: 3
   cols: 3
   dt: d
   data: [ 1.4820282069147888e+03, 0., 9.4230459502084716e+02, 0.,
       1.4813230362583668e+03, 5.4397904736165344e+02, 0., 0., 1. ]
dist: !!opencv-matrix
   rows: 1
   cols: 5
   dt: d
   data: [ -3.7814800184136910e-01, 1.6774892258327187e-01,
       -8.3818009519915704e-04, 7.7123336740824935e-05,
       -4.9911200210879879e-02 ]
